

Number
880171687894
01818989725
01818672522
01866470280
01814872563
01924495050
01823774960
01712898973
01700714487
01637045619
01871828282
01309030582
01920979302
01819966670
01731509021
01914452350
01917288498
16756228511
01737857435
01995322205
01732218801
01824071302
01675221438
01721055717
01714756937
01671114912
01306409918
01767037886
01842594090
01934251746
8801676346637
01714001340
01404629505
01757917271
01929646061
01717591333
01765870721
01716054005
01737881488
01628761375
01922920993
01751795149
01781719547
01672900646
01911745247
01937878860
01629090244
01753628214
01731380085
01748449955
01914757311
01624602988
01734874983
01819391080
01751476047
01911449893
01728529702
01791652135
01673608582
01722591439
01671803533
01779805853
01711375730
01917770227
01911810507
01791575415
01818767449
01521211867
01612748547
01841842848
01986968460
01735220371
01916471188
01878332536
01817609002
01714798986
01777012406
01829049617
01924151569
01818928480
01712689497
01771887001
01817765455
01716244842
01815595203
01921907578
01787701079
01716100200
01928952166
01734742612
00181993623
01726022168
01733960288
01912287019
01616258083
01916715765
01879034413
01303279804
01711196575
01823969858
01841357570
01798150013
01843200320
01767258390
8801824857538
01730098064
01969474957
01777505089
01811884264
01717587734
01912382889
01748323453
01849483960
01558295589
01828600105
01976598950
01673253932
01725500898
01711572050
01537007242
01714330172
01743876183
01725525226
01727233883
01813992214
01971276441
01712125390
01957519588
01816290660
01681256797
01764828135
01518485794
01913772087
01911259906
01713525821
01818900103
01883753991
01821636680
01870005758
01713542904
01711734530
01611100414
01753404276
01710000656
01813553366
01714178660
01831334066
01715965621
01915878766
01820401279
01792886389
01741460400
01675394638
01816101707
01531767226
01862947657
01955998668
01636362588
01745799803
01767430572
01311219987
01826649997
01780725094
01922288363
01913984068
01819917946
01783585018
01616757536
01310082283
01679800929
01712735351
01730945011
01911115074
01760770141
01917242132
01838204293
01709677889
01917425332
01672293661
01735165980
01812379593
01737749003
01792169405
01746893871
01682551268
01795124715
01716381325
01712208167
01712092766
01611173795
01766185132
01948377077
8801942876998
8801752292910
8801994247590
8801833368129
8801795574106
8801716039778
8801915183746
8801632730022
8801718158760
8801981759094
8801865955874
8801712632106
8801712280622
8801785911525
8801672627939
8801783543033
8801788418602
8801917887210
8801624593122
8801734331009
8801717271521
8801875317692
8801625260557
8801817266380
8801780808653
8801745405909
8801729738331
8801722621619
8801745041283
8801627040511
8801785885177
8801939152015
8801722898625
8801725000720
8801924926725
8801303089110
97430856505
8801911096627
00009711122
8801842643754
8801728852921
8801909910901
8801533310706
8801675721932
01759792470
8801750933955
8801682436473
8801943188587
8801937325903
8801717445727
8801795375648
8801724753370
8801817073679
8801911718817
8801751950800
8801959795956
8801729474648
8801785035470
8801782695892
8801877041023
8801913698847
8801637960260
8801760605167
8801964542003
8801993300111
8801402084602
8801771625242
8801714992369
8801955364226
8801761795381
8801767022365
8801857238922
8801861411002
8801837220155
8801840855043
8801728123223
8801790210101
8801738149984
8801844169326
8801703954814
8801914632287
8801868619606
8801305090506
8801580657680
8801759710095
8801766578922
8801705034305
8801751353363
8801797565709
8801921047307
8801783226370
8801717529331
8801844488753
8801705438375
8801747447453
8801516764291
8801792038081
8801924912941
8801990173236
8801791793745
8801627875058
8801827498326
8801976331857
8801644470326
8801614880808
8801854982157
8801799333516
8801863371858
8801623516649
8801673175660
8801321103227
8801723051852
8801741445650
8801610956956
8801919031600
8801915873027
8801745451279
8801734503372
8801622916031
8801724852350
8801734901267
8801782683010
8801924084029
01619740251
8801830661131
8801726305638
8801318565708
8801779175983
8801869607321
8801712217117
8801642306254
8801797142737
8801924909977
8801563288284
8801916070337
8801780653473
8801318307615
8801633911089
8801717939712
8801727084466
8801919448811
8801972106144
8801741491653
8801320788797
8801932625996
8801717205971
8801724931833
8801771646505
8801711019225
8801632781970
8801621083979
88001780009874
8801711023156
8801641149985
8801818446800
8801722228214
8801968277070
8801875052576
8801745993566
8801721267768
8801620007943
8801970006702
8801855987318
8801947789773
8801842229264
8801819005751
8801675249788
8801781897276
8801986452896
8801837845218
8801875045266
8801925809932
00001222258
8801684009159
8801818873797
8801745865317
8801670524038
8801827751942
8801706247272
8801911265675
8801754168779
8801714457751
8801611356500
8801915603849
8801819323379
8801671964410
8801937517068
01715085615
8801791760876
8801755588653
8801730470915
8801842801073
8801717948126
8801718374538
8801718285788
8801751287508
88001752005365
8801784955997
8801714530469
8801611382438
8801645334976
8801815671427
8801817235161
8801756851118
8801884696836
8801785066550
8801316694322
8801677184266
8801819615163
8801723989666
8801637730704
8801719718290
88001819665181
88001302030212
8801733552178
8801676703998
8801738336593
8801915788957
8801777690596
8801710543919
601139785610
8801515244887
8801960617091
8801715478555
8801916048046
88001829426306
8801848338110
8801795139282
8801614405501
8801611444085
8801785247111
8801783228214
8801879970761
01971097770
8801736390216
8801744876877
8801715758772
8801635700427
8801818810309
8801306922903
8801921221350
8801716960045
8801722244002
8801704868645
8801715738321
8801913893141
8801715894127
919319934304
8801773556065
8801633139795
8801757785546
8801753639585
8801737206403
8801316110743
8801713791821
8801813175643
8801798798329
8801912529646
8801644328040
8801881299393
8801713272587
8801824735245
8801711369302
8801812989079
8801626662953
8801723268047
01765439607
8801676742090
8801910997029
8801715742652
8801743507103
8801717559559
8801831732776
"8801735828323
8801916223663"
8801756619167
8801963044985
8801839680726
8801941448665
8801714617900
8801912206591
8801683400127
01571723551
8801723322676
01677180480
8801912985401
8801737037938
8801864275753
8801711939884
8801932458738
8801839271535
8801864532331
8801813271819
8801300870201
8801778802670
8801727282341
8801819528772
8801717679666
8801712672347
8801711844100
8801677325235
8801712052014
8801717702996
8801716386795
8801750121618
8801717111525
8801945446444
8801781515509
01852821020
8801889220300
8801628726112
8801683467659
8801882474472
8801619051956
8801717341378
8801853078839
8801756080100
8801811213147
8801913605950
8801928897405
8801709161222
8801754302283
8801829067837
8801874401019
8801740354932
8801813213418
8801714116904
8801786297795
8801675316318
8801970850084
8801675499194
8801302299210
8801921851783
8801722286532
8801740551272
8801764435330
8801797465025
8801715711701
8801302093067
8801730098072
8801684014773
8801715613599
01723435658
8801611476237
8801916466718
8801714470567
8801611243426
8801717432320
8801727075814
8801782802376
8801712899498
8801771924133
8801717006038
8801676435825
8801675862441
8801716186230
8801761575457
8801621864401
8801711238316
8801516751674
8801711966617
8801914774977
01723306303
8801304229235
8801641152983
8801740054789
8801814479177
8801755615070
8801788978930
8801755819774
8801670336072
8801712920286
8801684936118
8801823834427
8801685007980
8801511906778
8801705544132
8801943901942
8801682430427
8801611518275
8801914010662
8801709190415
8801715620315
8801737731063
8801769932042
8801963868186
8801575109412
8801674181816
8801790414644
8801794695969
8801571787296
8801713606455
01725029665
8801909479076
8801777707689
8801676758326
8801903097716
8801913476323
8801521430402
8801715348192
8801733262557
8801878434165
8801711443009
8801842126362
8801627311604
8801675964437
8801734763802
8801883343443
8801780767208
8801533177205
8801717400966
8801993403522
8801795109263
8801710331113
8801916840315
8801731006854
8801852963314
8801911458505
8801712295158
8801823108288
8801750837810
8801711518890
8801684033448
8801637310078
8801741205482
8801721155327
8801716598264
8801947754644
8801772445770
8801767274979
8801892040293
8801717654367
8801725793625
8801620777880
8801761788869
8801712436259
8801406754957
8801817116100
8801609136606
8801713043978
8801712166622
8801977114279
8801943452928
8801859854112
8801701656980
8801712605969
8801818968491
8801824911625
8801712288201
8801711451752
8801829926785
8801883910502
8801950582916
8801829049617
8801774129780
8801712075574
8801715781285
8801814729880
8801747235060
8801533448864
8801816748448
8801813032630
8801786338997
8801721209803
8801734572785
8801720645777
8801754213984
8801738395721
8801600116540
8801750522312
8801716099011
8801673837396
8801670820887
8801844535384
8801715183067
8801818290166
8801779322343
8801707827037
8801795356117
8801785076426
8801902052242
8801558956165
8801721366938
8801914516882
8801913951048
8801825779777
8801726860692
8801641830641
8801765637691
8801703988195
8801832070734
8801787336293
8801912412285
8801611182834
8801880164959
8801915652570
8801844000010
8801711668584
8801890305777
8801710496917
8801728510355
8801979294237
8801715185113
8801612341243
8801726132297
8801855646972
8801880711281
8801630307739
8801923188333
8801712452007
8801868979938
8801839405555
8801938943169
8801716261368
8801712898973
8801793420428
8801518372232
8801711975783
8801711423781
8801733822711
8801784646425
8801853421573
8801680003860
8801711369516
8801861139613
8801719574749
8801714466479
8801615384168
8801303998693
8801537201659
8801712312887
8801911257370
8801738257010
8801772002222
8801748425473
8801705034692
8801747923887
8801928679301
8801913984068
8801628351026
8801404914905
8801722608601
8801620328975
8801748319689
8801677838328
8801798459909
8801982656370
8801726164268
8801521486888
8801671703818
8801842741880
8801744903455
8801703520560
8801710890428
8801830574329
8801712015174
8801738987251
8801792121384
8801819350173
8801781602616
8801704843713
8801612624856
8801711454503
8801719403100
8801798388888
08900529081
8801714625641
8801819462610
8801755921005
8801916831881
8801757205161
8801683303694
8801716233906
8801939900091
8801748364943
8801823958790
8801830069242
8801713047552
8801775991120
8801676989994
8801737866232
8801706636791
8801717282561
8801721361886
8801994583626
8801854849751
8801759793022
8801911115161
8801710916710
8801731007191
8801738971910
8801916571576
8801716360070
8801946348449
8801820259354
8801795030943
8801788020845
8801621139577
8801711227070
8801911532906
8801720165734
8801795592523
8801792934561
8801711461008
8801739422156
8801711276441
8801556741613
8801553578503
8801813992214
8801955310171
8801716244842
8801989782641
8801817296315
8801302520532
8801795820807
8801823848357
8801758075000
8801716176240
8801728821320
8801676456462
8801923436845
8801820031394
8801997157277
8801725210317
8801835857497
01774040091
8801671114912
8801739889995
8801710324305
8801715757885
01819143021
8801723006838
88001558965439
8801791236323
8801687877230
01705661796
8801740919885
8801989895248
8801621886860
8801920937465
01991919390
8801705366875
8801911828485
8801613222505
8801787028975
8801766698062
8801731509150
8801914299623
8801948678044
8801727960562
8801708130480
8801920639979
8801955680107
01716716398
8801762097364
88001712531807
8801934732530
8801843677328
8801624602988
8801816290660
8801311745531
8801515686397
8801730098098
8801712922114
8801712740679
8801673764188
8801630925722
8801752843939
8801823969858
8801813819158
8801535108089
8801710243905
8801881523547
8801991208492
8801690154429
8801722539902
8801676072507
8801857675006
8801735466698
8801778443366
8801777012406
8801921263064
8801718594163
8801310588652
8801797599972
8801612546180
8801715061912
8801916858961
8801824944922
8801708516728
8801811486946
88001677194529
8801747467976
8801670871024
8801727672437
8801816034461
8801817148952
8801682501120
8801716872949
8801727472367
8801677627555
8801730949793
8801819159722
8801612996135
8801710466568
8801831415778
8801675337889
8801785612519
8801717478708
8801717123755
8801716852821
8801316109320
8801730709158
8801819366632
8801712026062
8801712661978
8801824501458
8801742667612
8801712112728
8801709678023
8801821838742
8801670769085
8801740583321
8801685412094
8801703007433
8801755322064
8801677565696
8801934073027
8801723250827
8801840347776
8801911447198
8801929568068
8801883273135
8801749702974
8801749964204
8801672302403
8801830981123
8801817252157
8801952277481
8801914007169
8801717984348
8801786100460
8801818469012
01716905245
01912311608
01725713341
01673352775
8801718863316
8801717335500
8801824692675
8801737057290
8801971696497
8801732107777
8801726453110
01737511907
01302993813
01755584978
01717763278
8801819445608
8801612233585
8801722555020
8801677813858
8801722704223
8801755631459
8801737732679
8801672941595
8801717389004
01515211512
01687442628
01611611316
01921334475
01676372060
01671473199
01748071192
01710100914
8801740303885
8801775454999
8801711573907
8801917540612
8801947708384
8801681884803
8801683548623
8801819902150
8801717084623
8801722786551
8801638878341
8801911623709
8801640580633
8801914127961
8801716377588
8801911409036
8801762321745
8801821761039
8801752912442
8801815632844
8801711108443
8801778814380
8801913809719
8801678713050
8801878191919
8801782877047
8801682787881
8801784995539
8801617875359
8801797117352
8801608954663
8801682205620
8801735507373
8801601613967
8801937741351
8801937507361
8801911524647
8801993040864
8801745850640
8801671749982
88001714238510
8801710879324
8801688053558
8801798103693
8801965425440
8801713289348
8801701035951
8801581052688
8801716197719
8801935090381
8801670734256
8801953373932
8801670836023
8801736609460
8801722707905
8801946094448
8801303133456
8801723705068
8801673868680
8801832287985
8801676081796
8801726156615
8801712695578
8801985385502
8801731346425
8801319500561
8801610002401
8801722114855
8801728728273
8801840054290
8801711730741
8801780440931
8801814735334
8801303365001
8801909960854
8801713983131
8801518327644
8801816031994
8801765509666
8801912960231
8801774609474
8801759750019
8801913728462
8801822662677
8801711964920
8801714757619
8801740614072
8801633037766
8801714378892
8801914603222
8801868560267
8801915007009
8801726992447
8801728338032
8801743363000
8801988170133
8801771775699
8801745944853
8801521394756
8801712342118
8801922435624
8801913437812
8801782185494
8801849963885
8801717312260
8801813298442
8801708558658
8801729577221
8801739114007
8801925840234
8801972082244
8801717165708
8801718101656
8801738834867
8801626882162
8801711353770
8801911949120
8801758205787
8801553142548
8801719667718
8801916565497
8801911672239
8801911493114
8801881747545
8801719518873
8801911972767
8801845266885
8801920074363
8801823320053
8801842459745
8801832642750
8801516124858
8801777709440
8801710136086
8801686141652
8801740752005
8801720569593
8801818657020
8801782521282
8801842315940
8801515631486
88001723235251
8801912774993
8801840015676
8801303400375
8801737529333
8801811528618
8801753512791
8801673187190
8801763503232
8801796206064
8801867926516
8801919497297
8801955069063
8801842771068
8801913659942
8801734802911
8801920510240
8801753444303
8801796589360
8801683773517
8801916893514
8801711348198
8801712696147
8801711186364
8801763964078
8801828722060
8801767273755
8801916250415
8801811922250
8801751521332
8801725454395
8801926999666
8801770792021
8801755713139
8801817690702
"8801670856355
8801915906090"
8801717109669
8801715485525
8801745991224
8801860785120
8801866266640
8801997061551
8801911758784
8801712047607
8801825531377
8801955634261
8801738728588
8801911153093
8801913097581
8801723341525
8801617929889
8801722153570
8801972074843
8801551815960
8801676213979
8801970330055
8801686979007
8801924444245
8801837029092
8801535210049
8801558295655
8801717848978
8801616654291
8801617109469
8801912593184
8801715681096
8801835343472
8801732022496
8801678130399
8801718625700
8801969474957
8801718583209
8801680559191
8801737137127
8801677783600
8801723710054
8801888004351
8801740569880
8801945536987
8801711572377
8801850755168
8801818958244
8801878346372
8801842358913
8801855160444
8801762998321
8801731380085
8801727089102
8801760850070
8801857282043
8801715026338
8801818246948
8801673358220
8801755570804
8801675963211
8801727388807
8801717796796
8801819258418
8801774998620
8801914634259
8801814415108
8801313301535
8801751899269
8801712546638
8801683118287
8801711393956
8801713236776
8801914910619
8801912389004
8801975599444
8801675699959
8801325775132
8801831328143
8801517158333
8801913200562
8801821218990
8801874174303
8801923215949
8801728013898
8801751899293
8801407964427
8801729741976
8801312535031
8801716659292
8801828842739
8801812380878
8801815639170
8801911026844
8801715081264
8801929744806
8801940012332
8801933966724
8801717415131
8801711556130
8801927672931
8801621158779
8801711226770
8801731861212
8801670859405
8801671763141
8801756852771
8801741982198
8801736440044
8801715778954
8801711943785
8801612099241
8801719430019
8801965868723
8801671391865
8801820561801
8801715561044
8801718301500
8801709816789
8801971800300
8801729799988
8801711942294
8801724832710
8801961111778
8801716165432
8801855203606
8801716841058
8801736772885
8801915558892
8801711273622
8801938321197
8801921678388
8801325345557
8801753795559
8801853428325
8801403000593
8801912723634
8801712878557
8801814126478
8801312074443
8801716424803
8801764022522
8801717713151
8801305207846
8801819948080
8801730039090
8801882349844
8801680299353

8801716272882
8801718749910
8801615826733
8801673747834
8801717463560
8801728299166
8801736168184
8801814575886
8801719707549
8801819369423
8801601010707
8801830040880
8801738028675
8801675953934
8801763184173
8801753620619
8801777488746
8801915148999
8801811832618
8801675289558
8801689942152
8801703583171
8801973332667
8801920811844
8801950477673
8801723535323
8801775900165
8801912686709
8801757004749
8801533531978
8801786445801
"8801710956469
8801876068844"
8801712538046
8801810140713
8801772254033
8801763763366
8801738493627
8801722807480
8801714431935
8801851600900
8801645421597
8801717747275
8801915572201
8801739756610
8801729600624
8801758760984
8801827820059
8801750380550
8801782209615
8801748322849
8801701202462
8801752082484
8801817021449
8801911773401
"8801713574955
8801648786678"
8801308384370
8801772543196
8801903071153
8801902133030
8801814039843
8801642185335
8801518707205
8801834513275
8801761502510
8801777765403
8801322891194
8801716659671
8801933734008
8801743872534
8801818500501
8801772739884
8801710912292
8801714116569
8801303174700
8801712252208
8801814700073
8801972643440
8801905945576
8801917366411
8801843171673
8801851168057
8801820279296
8801624785459
8801720026629
8801737393844
8801717940198
8801812178960
8801734096343
8801517866841
8801844600320
8801829671733
8801911722753
8801740290954
8801929481091
8801757993395
8801715003591
8801615374918
8801926610910
8801711947026
8801718356174
8801818210373
8801730910243
8801875626764
8801552438785
8801744355729
8801747014466
8801756961899
8801676333922
8801737125566
8801727268845
8801701064425
8801711998265
8801739445577
8801709280522
8801851646671
8801670554469
8801672993831
8801922385398
8801776601451
8801842260913
8801705792466
8801746907141
8801816373258
8801733528766
8801759150830
8801972285494
8801711978782
8801712582670
8801911530971
8801825181223
8801911386063
8801714323579
8801911312831
8801700522814
8801712248508
8801681127275
8801719479627
8801837602043
8801304731955
8801833701915
8801797868675
8801731631221
8801675757252
8801322792368
8801739094435
8801764224232
8801894599293
8801712570738
8801766200580
8801857320050
8801866707370
8801779878003
8801724592375
8801815913922
8801760574472
8801640253937
8801922268268
8801687672526
8801971101240
8801711145354
8801736318641
8801864998588
8801979984234
8801820533860
8801723663012
8801712830691
8801838204293
8801990811813
8801317428239
8801972389039
8801714741584
8801925980082
8801759393874
8801911368029
8801715303222
8801634330249
8801939591150
8801716139023
8801782579940
8801712135290
8801701080403
8801710172337
8801712634543
8801711511344
8801738084774
8801716953565
8801860017205
8801819171858
8801863056154
8801927765955
8801818458201
8801676509381
"8801724439664
8801785331869"
8801732138721
8801786494717
8801911722626
8801816273025
8801717102870
8801883070916
8801829996980
8801818908963
8801511728766
8801763524949
8801723055955
8801675228168
8801911645880
8801843036697
8801726534368
8801825428526
8801818942534
8801739818842
8801703067548
8801711449131
8801723679933
8801633042843
8801912056604
8801983872665
8801923848380
8801912585182
8801933867200
8801920336110
8801323605278
8801911534045
8801714771702
8801828932595
8801874245924
8801711921416
8801912605900
8801913947616
8801920919320
8801729512713
8801710498497
8801946105412
8801795094082
8801795488351
8801911166861
8801825816363
8801739982309
8801711977772
8801733969379
8801737069220
8801812984559
8801799070086
8801722142798
8801770779945
8801892424511
8801798501636
8801815497052
8801772249878
8801519710566
8801711849111
8801612985911
8801317552715
8801747843384
8801718308198
8801713937742
8801303643601
8801820713593
8801744484080
8801924555995
8801949754952
8801881583377
8801675400022
8801712092310
8801820354446
8801734771775
8801762500176
8801757956948
8801683284762
"8801675337252
8801575396106"
"8801841152011
8801575086669"
8801724491393
8801717741611
8801932399821
8801732996699
8801726832270
8801624852685
8801818789029
8801674141960
8801682938577
8801732786024
8801713569321
8801722805520
8801716470875
8801681445041
8801749322247
8801834894779
8801611751760
8801820322256
"8801767141068
8801732399247"
8801717097671
8801819287800
"8801919232801
8801711232801"
8801711640185
8801711004111
8801705373375
8801703756083
8801813107277
8801727367270
8801838893001
8801717229262
8801722198111
880175555257
8801937846786
8801916199488
8801714299899
8801911011703
8801791926111
8801789407049
8801923221331
8801971245982
8801773998986
"8801717884133
8801715244585"
8801613171521
8801728343301
8801685246289
8801811825817
8801830575754
8801737862126
8801673219634
8801712158680
8801880372326
8801715656820
8801824466867
8801677276371
8801558971841
8801590196524
8801745688837
8801646764420
8801676599359
8801745207475
8801919994501
8801713385198
8801845654921
8801856197760
8801985262728
"8801759112121
8801704149740 "
8801712660144
8801959200076
8801711246996
8801686305550
8801715899477
8801309004500
8801682497092
8801717998213
8801727323344
8801775053336
8801817051037
8801511452647
8801921189382
8801737232762
8801710605666
"8801705679600
8801769696669"
8801719137609
8801910627681
8801728598558
8801671063865
8801914475862
8801580375515
8801819104868
8801558194496
8801552356296
8801723477151
8801922141111
8801818509324
8801720570670
8801719150554
8801728633484
8801827807083
8801816884296
8801617081918
8801992347419
97431090842
8801711909118
"8801711041110
8801886041110"
8801711903301
8801957698521
8801854120230
8801671113737
8801707184391
8801771151209
"8801712173267
8801521438902"
8801781163958
8801676455222
8801407833905
8801819170481
8801787414508
8801764401468
8801723904539
"8801780416328
 8801302335245"
8801718123564
8801919364132
8801957212621
8801884721629
8801815020650
8801712715121
8801922234888
8801558221182
8801778826430
8801719517138
8801882727161
8801517828027
8801859207810
8801719331143
8801716144984
8801717385661
8801677302395
8801716132922
8801840957594
8801779970188
8801793461614
8801773318332
8801879099026
8801713004121
8801747693001
8801773943313
8801831547969
8801724823650
8801711313835
8801903665696
8801679227646
966542803441
8801717647493
8801714923705
8801711369067
8801712261004
8801744977111
8801682863241
8801553443187
8801600107676
8801711233139
8801713433821
8801711933032
"8801517181115
8801722359215"
8801789991246
8801712221323
8801716892425
"8801913009541
8801742314700"
8801799553341
8801816139304
8801869963234
8801829330100
8801557747601
8801717741562
8801912189210
8801985473074
8801689995986
8801731686208
8801913099325
8801521359490
8801912040018
8801683409889
"8801303680745
8801768072423"
8801869120207
8801914352386
8801706453173
8801989307322
8801914198488
8801550040538
8801717226000
8801864373656
8801811259086
8801738002835
8801683542759
8801736241746
8801621555580
8801854272571
8801919878807
8801830116538
8801861636899
8801843777061
8801933478747
8801711471146
"8801889639979
8801633767425"
8801827550160
8801717769241
8801835245807
8801712900596
8801721750268
8801721328859
8801721729562
8801714432544
8801719596763
8801833894711
8801784714605
8801842401424
8801714150503
8801877556842
8801819005638
8801307183955
8801751897698
8801720149123
8801813769543
8801718540401
8801883753991
8801912868223
8801712140735
8801740556562
"8801936611550
8801714040273"
8801712625103
8801913476232
8801714216245
8801711575200
8801712274441
8801943508257
8801761113473
8801777344874
8801703180479
8801716811272
8801708516389
8801772930757
8801871468402
8801921137165
8801675458800
8801886409211
8801717006867
8801920614649
8801917144711
8801921102505
8801718821078
8801963342634
8801789925674
8801325783387
8801634365714
8801712411327
8801824477469
8801957983481
8801608559483
8801772889933
8801953736874
8801722734498
8801871382014
"8801645768603
8801939102134"
8801624937888
8801716450709
8801792559690
8801738000818
8801300244370
8801733221905
8801841478993
8801757539696
8801883322508
8801670910422
8801709626415
8801746962877
8801823304050
8801944700082
8801724251240
8801743309709
8801689862771
8801857735735
8801701926644
8801751801837
8801516196751
8801814175488
8801755539010
8801713186958
"8801914792828
8801713376430"
8801701095479
8801716075817
8801681810801
8801911708098
"8801715510808
8801615550808"
8801730623575
8801912675818
8801951596660
8801515237232
8801906067308
8801936586336
8801687661303
8801713241665
8801739551956
8801758436690
8801717476729
8801790949068
8801777617174
8801722135676
8801860624318
8801872356709
8801812255974
8801987671957
8801611391709
8801837754944
8801718051418
8801580313390
8801794621210
8801824769471
8801834833888
8801713256112
8801916552766
8801720912332
8801815075451
8801913667463
8801972985279
8801757025888
8801310666476
8801716781105
8801934263936
8801916434997
8801683224975
8801708811155
8801635795426
8801915603875
8801683717271
8801757975803
"8801303214407
8801715269507"
8801715856581
8801816423609
8801755140730
8801847183355
8801758615131
8801775119195
8801723694192
8801313431346
8801303324781
8801935047513
8801962069627
8801849348986
8801712628116
8801517127229
8801977675410
8801723584585
8801795093794
8801955918339
8801722822306
8801711280884
8801812852576
8801818231941
8801796171157
8801716018676
8801711084702
8801904232273
8801685053511
8801714404312
"8801718172118
8801978172118"
8801718589497
8801764579487
8801731289882
"8801613178674
8801715343440"
8801635253316
8801864075005
8801824982718
8801722842616
8801745698859
8801552320652
8801791565719
88001604448466
8801928709383
8801815730086
8801631277398
8801988547557
8801722746478
8801750062076
8801812533954
8801718440057
8801719339378
8801816778782
8801315191925
"8801795218152
8801679855107"
8801718567971
8801913052761
8801785647264
8801825036308
8801923271680
8801918717618
8801869434186
8801409348225
8801717296867
8801746644504
8801940090271
8801981818588
8801815661727
8801713114555
8801812365415
8801760420145
8801822254267
8801646436063
8801781113656
8801916892858
8801778685469
8801703054729
8801717194365
8801701972620
8801939064027
"8801926694105
8801835026287"
88001838471240
8801974091908
8801741005562
8801712716148
8801910132731
8801713030787
8801319355980
8801711285835
8801912681493
8801715733015
8801976594935
8801929715483
8801742040550
8801719026133
8801709049583
8801718645146
8801629257424
8801305121526
8801708306554
8801745185598
8801754758006
8801926221798
8801774972578
8801617325001
8801816561995
01857927082
8801718627491
8801840051658
8801819915070
01846391601
8801715680397
8801319907456
8801719205712
8801978810172
8801914506880
8801734125900
8801912782807
8801776488660
8801861009735
"8801822965391
8801841777159"
8801642682476
8801681378830
8801648289654
8801711352912
8801721743728
8801780711626
8801830140809
"8801914111807
8801819177489"
8801821559302
8801917567669
8801717725378
8801704922040
8801717552915
8801927527795
8801834773399
8801725081879
8801719445732
8801754101796
8801716305323
8801783782389
8801843584303
8801712455152
8801738966332
8801864443538
8801601330607
8801642993896
8801319361419
8801708375398
8801718204498
8801768805128
"8801922893207
8801313468627"
8801730709613
8801861029374
8801817912599
8801730175222
8801819910067
8801781007795
8801672610314
8801818628045
"8801984653199
8801921678536"
8801728384100
8801709635360
8801683168487
8801927846028
8801626530993
"8801711485325
8801755689975"
8801718845605
8801718761832
8801613178674
8801712870517
01913696171
8801736575794
8801911364559
"8801793560317
8801303365170"
8801830880304
8801790593857
8801841255233
8801790258166
8801318354535
8801674470243
8801866470280
8801816815436
8801716952080
8801716409127
8801936291929
8801719819826
8801712537065
8801711053154
8801951620721
8801768384275
8801712863211
8801711069127
8801817517629
8801760751260
8801755675084
8801629230248
8801792771761
"8801618478965
8801741501356"
8801721000138
8801718840069
8801761532788
8801922220198
8801712121303
8801711274511
8801712658218
8801917739099
8801683286911
8801785787876
8801718555469
8801810066500
8801712060451
8801703173027
8801303089600
8801911835839
8801967945264
8801960602672
8801948083626
8801715245894
8801766665869
8801734729319
8801718772955
8801818764040
"8801861112244
8801614008002"
8801744525574
8801712263460
8801713397888
8801748196785
8801889570333
8801912385036
8801941455435
8801626333166
8801724634096
"8801714523426
8801794760873"
"8801719921900
8801911881194"
8801611044066
8801758618887
8801637076940
8801915973746
8801711687013
8801688343401
8801843666052
8801716400865
8801912561279
8801723309065
8801718664257
8801736230802
8801921851805
8801833484689
8801977822012
"8801912478155
8801768009699"
8801624652850
8801725377580
"8801537574865
"
8801715116249
8801765965477
8801714055006
8801517924627
"8801835088101
8801920603004"
8801831315278
8801317246335
8801818013210
8801316794911
8801881689514
8801796262000
8801711362523
8801674335968
8801750834662
8801711692438
8801857673602
8801791029684
8801571296872
8801531188875
8801757486050
8801711507934
8801813166619
8801571238150
8801824805650
8801711168945
8801819386129
8801771887001
8801712037450
8801925373625
8801679683691
8801818749632
8801727281980
8801751022049
8801706611103
8801717458529
8801714567079
8801725754472
8801712449266
8801710539655
8801716528126
8801841214767
8801712902528
8801580593406
8801717863122
8801718222370
8801933185734
8801740859579
8801759106324
8801957203320
8801790814404
8801710380824
8801632489100
8801749495125
8801786280757
8801685181856
8801716445214
8801879749190
8801869605807
8801749487818
8801621670256
8801727906659
8801732410615
8801733538376
8801609900166
8801820555390
8801913492428
8801913916871
8801861505330
8801611200802
8801517826941
8801912807907
8801723049896
8801716613529
8801777246663
8801736345139
8801715975305
8801679819710
8801712618587
8801741441171
8801825296020
8801712479497
8801921832328
8801821323141
8801706438893
8801747831972
8801915865951
8801990193263
8801716791544
8801947730366
8801812200085
8801980665536
8801718665261
8801717466760
8801727609418
8801920797929
8801917747471
8801911866132
8801792811061
8801757710679
8801791236666
8801818403531
00000000016
8801968735938
8801812679294
8801625808081
8801627999547
8801988653970
8801914464918
8801575246013
8801575006842
8801819043288
8801726375501
88001716773606
8801970046161
88001627582335
8801723702900
8801738439165
"8801915157657
8801886703330"
8801727201101
8801797575362
8801835277823
8801405712807
8801316196439
8801920639301
8801720000304
8801820100553
8801713094270
8801711221753
8801914377635
8801846098455
8801964546385
8801329730007
8801715623023
8801837942502
8801815020316
8801712777230
8801619080094
8801712801819
8801966350551
8801869339562
8801817578520
8801641691459
8801309549565
8801609701568
8801785993037
8801943721436
8801833362107
8801770136447
8801923813414
8801711155759
8801767194194
8801945305908
8801813298982
8801784018286
8801731047672
8801741442699
8801817106465
8801732443347
8801745395732
8801758883346
8801911151596
8801913881408
8801733266666
8801701204101
8801767181920
8801737444431
8801717625309
8801714504178
8801874326985
8801731997531
8801676020272
8801677643875
8801714163440
8801778476299
8801308125578
8801717330191
8801819504452
8801755887743
"8801782788829
1712631202"
8801834837017
8801311460790
8801911560798
8801839093297
8801797452391
8801932573715
8801632543390
8801786855281
8801311208714
8801716749554
8801511788878
8801913305658
8801753960053
8801518410581
8801721333879
8801533118767
8801818179198
8801538280782
8801817001123
8801777986996
8801891534775
8801781486032
8801921240894
8801681297040
8801781676869
8801960811244
8801713850001
8801777450146
8801712855796
8801885978012
8801958310902
8801772572661
8801990863187
8801710484824
8801757394389
8801914397999
8801711343516
8801727145372
8801780481890
8801841241274
"8801721276210
8801571759840"
8801711428648
8801715573079
8801716173294
8801717017266
"8801621759737
8801920985131"
8801877898361
8801962632704
8801753147526
8801814244253
8801715295895
8801609406598
8801712737626
8801310120652
8801979818050
8801818222220
8801972417583
8801748090430
8801641107253
8801715362825
8801762116916
8801671793372
8801325720489
8801723618878
8801558960274
8801868881949
8801711932075
8801714628647
8801626216404
8801700713515
8801850641836
8801671873363
8801724357925
8801781915557
8801771074704
8801711944204
8801712753172
8801710113830
8801772493474
8801622544166
8801819032748
8801730781163
8801886076750
8801817048368
8801712611938
8801777691632
8801758582928
01718662343
01939217672
01914733251
01717659017
01711511344
01680761483
01728633484
01714722253
8801711310332
8801629979605
8801751001473
8801782999444
8801712967864
"8801958173145
8801713004121"
8801960219454
8801749893789
8801757157748
8801717965422
"8801976757192
 8801814336292"
8801303209437
8801930550997
8801912928497
8801640912261
8801711179247
8801684296629
8801711596288
8801720594104
8801741580095
01748672475
8801919365239
8801784805754
"8801677454346
01770747502"
01672438655
01823268210
01721173629
8801622847518
01818294555
01825977479
"8801914760308
8801782949516"
01971-821360
01938403624
8801745290286
01815604703
01713758232
01757539696
01912973267
01687913874
01860257811
8801988060707
01922029496
01621888060
"8801755165571
8801717888337"
01611033319
8801620861066
01977797343
8801878242867
8801686692540
8801952556257
8801672887080
01720460007
01673949043
01819203430
8801742863696
8801717477993
01707082327
01777790234
01712734146
01305591949
01558295655
"8801841526871
8801975526871"
8801845438899
01730373938
"8801894814562
01772230736"
"8801847455562
8801718830759"
01723547923
01770572767
01621914254
01680832489
01682512378
8801820153446
8801712653874
8801767621274
8801722966020
8801889271066
8801878223856
8801817731947
8801400362181
8801828851665
8801309120100
8801713403284
8801712891967
8801911538868
8801919492911
8801711287576
8801816758502
8801714317038
8801711385000
8801788721414
8801712969808
8801671768699
8801954030784
8801629771269
8801821636680
8801966994624
8801739426029
8801884405424
8801554332822
8801713684994
8801927387641
8801676818105
8801722253993
8801819307472
8801875961104
8801710240140
8801719770558
8801835359815
8801774119610
8801937058524
8801600192945
8801737143232
8801864941456
8801939092048
8801686101900
8801985098508
8801734875172
8801729398850
8801790297506
8801746338421
8801314457749
8801731549192
8801819830935
8801821965853
8801534588126
8801620770041
8801799466602
8801986619177
8801715053805
8801673335825
8801769665650
8801742087288
8801869600733
8801794879222
8801733621426
8801715975226
8801711166283
8801721458166
8801916859254
8801558965051
8801780014434
8801759775206
8801707240915
8801815569655
8801765323683
8801870773180
8801722864466
8801828625875
8801989341534
8801846895967
8801734556377
8801883422356
8801830553675
8801944677811
8801407486360
8801759784886
8801710517177
8801739418448
8801733787607
8801817201520
8801866762216
8801830792774
8801784045561
8801627767487
8801838494948
8801671843825
8801715951918
8801626040498
8801731437229
8801822415676
8801755500769
8801778718391
8801798235578
8801719405684
8801715496490
8801849101715
8801780872185
8801611580590
8801823885641
8801791292298
8801752747278
8801790255026
8801709298972
8801996978567
8801648219454
8801996271086
8801791136011
8801976481453
8801777704798
8801936784496
8801881970794
8801407686227
8801303718710
8801815082795
8801648435325
8801726538286
8801302033185
8801872563090
8801791973459
8801720146373
8801719346310
8801742569114
8801910128957
8801893613896
8801781505346
8801849975740
8801620456124
8801855165256
8801752993769
8801742659598
8801860252754
8801912121973
8801718602626
8801773665579
8801799758715
8801791934963
8801926549361
8801714314048
8801641587328
8801764241120
8801775561617
8801817587154
8801753066693
8801955376711
8801729149606
8801878250394
8801730070359
8801867506073
8801813056219
8801830114353
8801301485180
8801756329192
8801721113741
8801710551465
8801891582929
8801725602086
8801723117736
8801780948890
8801723075530
8801972507027
8801744262529
8801644240094
8801818325722
8801521318665
8801713103902
8801711067878
8801760992133
8801777053838
8801959921365
8801765787587
8801772810377
8801822368977
8801711595475
8801714281137
8801826038255
8801718356382
8801670297199
8801938436585
8801734620811
8801814204172
8801795138840
8801738023117
8801675077598
8801722505593
8801732217060
8801533121280
8801738470196
8801953278727
8801818913557
8801734440202
8801636048608
8801735220892
8801833007343
8801811144561
8801685398972
8801828183801
8801715300089
8801937150982
8801929391256
8801317932489
8801646688179
8801306663116
8801715002607
8801718261514
8801767598105
8801721928689
8801711978449
8801790775997
8801683874778
8801813273672
8801716964055
8801817523616
8801763588674
8801818129781
8801787403293
8801718663595
8801774155569
8801303126351
8801755693809
8801717260684
8801748006973
8801723978315
8801713932529
8801743500041
8801785067273
8801713990871
8801710820108
8801309097075
8801400737715
8801814819500
8801855222299
8801719103668
8801744395351
8801845521081
8801635731258
8801722538164
8801714217959
8801710795238
8801906836969
8801872212077
8801711448071
8801310946264
8801739631291
8801798428303
8801748690653
8801839516170
8801830020087
8801648902879
8801887014161
8801405612065
8801737329702
8801881447631
8801739161344
8801798659762
8801728540351
8801963653402
8801571774081
8801919496276
8801738005525
8801930889199
8801863614563
8801717998800
8801780109197
8801684669506
8801821574969
8801857001462
8801674407195
8801768299953
8801814453304
8801770207037
8801716194602
8801799258559
8801736557358
8801712494327
8801817719421
8801711244243
8801704807162
8801712908866
8801521486417
8801771037199
8801850333166
8801818068191
8801817107177
8801951535555
8801818920573
8801795777446
8801775647923
8801819445956
8801816143992
8801687318883
8801716800514
8801670225044
8801972641460
8801763073334
8801717646447
8801641288824
8801701452123
8801851134548
8801721799500
8801747686422
8801717212966
8801854601124
8801712031915
8801842296652
8801750329215
8801866589958
8801721829693
8801722428941
8801741925163
8801712379669
8801829505570
8801765420702
8801722275236
8801785023146
8801722358117
8801911799771
8801552559740
8801711985630
12055553699
8801734120119
8801741597657
8801715793201
8801671727473
8801715312803
8801724931714
8801312451462
8801851129135
8801790408145
8801912978913
8801812813733
8801911193699
8801737914822
8801552425103
8801778287017
8801712644055
8801627287530
8801718576183
8801630697461
8801755266127
8801307285717
8801638108635
8801714635595
8801687405422
8801719033341
8801725703517
8801818095622
8801842952525
8801711203672
8801880266056
8801958400605
8801954534554
8801920552241
8801712535295
8801717426868
8801728752288
8801704084563
8801962841358
8801902589860
8801706644644
8801791775057
8801829624231
8801713389971
8801630323979
8801829622330
8801953330242
8801707348430
8801710364770
8801817352315
8801730986040
8801913417133
8801572902333
8801715371781
8801814762828
8801788152295
8801983482626
8801819195288
8801996532572
8801715284027
8801682029398
8801733008609
8801747527523
8801750410665
8801681911315
8801741771184
8801916635517
8801819877067
"8801815775709
019795775709"
8801731386594
"8801762355127
8801732165000"
8801960580147
8801709995779
8801705239286
8801883994696
"8801568218078
8801910364645"
8801873142118
8801740211886
8801911197852
8801690005400
8801831405668
8801715514400
8801842624825
8801735845612
8801303101549
8801944498580
8801317446877
8801711940189
8801689425692
8801721483324
8801720187168
8801705518555
8801960869655
8801834090909
8801712172544
8801722492101
8801986466495
8801847311374
8801732361400
8801799797681
8801714803381
8801775512222
8801720015009
01758337533
8801701203103
8801732876848
8801302054002
"8801717726444
01755640158"
8801840011756
8801735101373
8801710322752
8801767491235
8801943876320
8801768363936
8801716818782
8801828981294
8801929534467
8801714337285
8801971526970
8801816530851
8801671562209
8801746184691
8801815576957
8801716522762
8801914288945
8801816300478
8801912183958
8801799636996
8801729282825
8801818989725
8801753200863
8801818428055
8801783911411
8801516148821
8801701343209
8801580628847
8801723679863
8801886350964
8801717009985
8801926999266
8801785371476
8801780597363
8801956218649
8801923609486
8801734047000
8801733971031
8801716469600
8801799626968
8801736680980
8801957244220
8801675665080
8801707342377
8801724593040
8801748855893
8801516188865
8801818540375
8801829399990
8801725592693
8801911281514
8801755165571
8801319295172
8801625164210
8801942730008
8801712171591
"8801735497828
8801753684571"
8801784291800
8801799559994
8801611476047
8801912153740
8801717994144
8801680970598
8801952713070
8801688040128
8801735332008
8801731358690
8801682523671
8801735362016
01767083658
8801737763980
8801718657808
8801717524133
8801816441820
8801743107928
8801827213427
8801687874940
8801577050697
8801922228989
8801332046097
8801822900771
8801924116124
8801721130337
8801726204385
8801792964493
8801774770265
8801712908273
8801843338865
8801676733713
8801858121580
8801629009435
8801735778275
8801866681290
8801730893843
8801793163616
8801725966425
8801710952975
8801673260147
8801830469496
8801673254881
8801988692386
8801612824202
8801851618071
8801753729296
8801755489656
8801519600520
8801747467885
8801747889989
8801729550850
8801625254926
8801719038607
8801711546937
8801966567564
8801537346707
8801715020986
8801711114934
8801914632051
01798406711
8801837304666
8801850322433
8801623370363
8801712900579
8801913789899
8801829603803
8801712502107
8801639514191
8801719669939
8801711941743
8801750789802
8801714323351
01521408749
8801755717071
01515221426
8801672891807
8801557163626
8801773223576
8801571300396
8801713488909
8801820804275
8801923637839
8801711466158
8801974789111
8801738300905
8801843662395
8801616772430
8801408173534
8801866944479
8801625941556
8801913553158
8801927638931
8801711711648
8801911396494
8801919706052
8801612089874
8801825368979
8801780158345
8801941768509
8801737301736
8801914259558
8801876353610
8801917960617
8801727985027
8801746186077
8801819953789
8801676870801
8801731662227
8801988318607
8801911405833
8801755999202
01880938206
8801681103227
8801551555777
8801878499956
8801719400105
8801310559057
8801776611129
8801920167697
8801854501674
8801675836078
8801681261370
8801521226070
8801725109747
8801925608763
8801575600079
8801728271728
8801717052190
8801829665907
8801755076223
8801313713799
8801890720917
8801717650066
8801916393096
01621362199
8801743686707
8801739246546
8801614613136
8801915789420
01824515209
8801825732623
8801719677024
8801742127823
8801911827206
01994991949
8801840205640
8801973448888
8801861507282
8801717071908
8801675306264
8801575007150
8801913881529
8801717092222
8801674894602
8801716209551
8801319628839
8801765242424
8801998960250
8801647577378
8801825161497
8801910179080
8801711081671
8801631311066
8801716320966
8801829066467
8801316270424
8801303253799
8801686801030
8801746934818
8801911690143
8801753219239
8801687003397
8801674514141
8801633570247
8801748526494
8801790004458
8801916422548
8801825218413
8801835397607
8801926042027
8801912095171
8801711210625
8801727018684
8801763212790
8801713463945
8801321231327
8801745391189
8801774509993
8801745760471
8801714165947
8801766403000
8801914731027
8801961932481
8801759292000
8801911782629
8801770524131
8801855242498
8801771784173
8801408197929
8801319195062
8801323703975
8801798678001
8801911963746
8801716745591
8801715790421
8801723980440
8801716245968
8801772373025
8801764115702
8801780750498
8801569139975
8801746780506
8801750915151
8801760222423
8801715954935
8801714462867
8801915897171
8801717502046
8801712626179
8801819065349
8801946160253
8801812424571
8801753058000
8801538046314
8801717959195
8801670005060
8801977899400
8801717761659
8801942375891
8801648348063
8801308095697
8801795653071
8801755543878
8801872720444
8801317809009
8801716031771
8801753944400
8801718598689
8801615458782
8801929244921
8801521401313
8801714532012
8801920019602
8801717387843
8801322811336
8801818618264
8801722157584
8801637439322
8801619181832
8801817798674
8801711479573
8801618537165
8801872412060
8801641765627
8801783023841
8801575410516
8801308770394
8801759356873
8801977668786
8801758471940
8801648713667
8801723778855
8801914528998
8801812339782
8801751627209
8801711483454
8801671544721
8801620634087
8801670444558
8801756663955
8801748342559
8801780126660
8801712614483
8801920052011
8801821379133
8801915692603
8801780747276
8801611084941
8801911280760
8801793156755
8801714021338
8801741787284
8801727314390
8801732358894
8801921181019
8801786559988
8801954832941
8801838703913
8801713201012
8801751862167
8801834969795
8801674771078
8801722969454
8801912479903
8801620924601
8801725513228
8801737379888
8801833966161
8801719299570
8801638618685
8801727367110
8801717231192
8801843395853
8801710515383
8801624412671
8801309539255
8801720216103
8801741929357
8801735589434
8801789346067
8801719081924
8801986018460
8801324202069
8801333158976
8801727215188
8801712519934
8801913668207
8801616222220
8801977658834
8801813165558
8801727500440
8801675360250
8801842163805
8801746886308
8801812905501
8801915579452
8801719964812
8801789199571
8801918800065
8801672332417
8801723790652
8801672463615
8801770430772
8801856289690
8801705669331
8801774449999
8801790805800
8801712131211
8801975555166
8801731300842
8801790345688
8801743909969
8801780993570
8801819473722
8801708462541
8801890683584
8801932204077
01571775152
8801952818922
8801911266769
8801723576338
01861190404
8801738543619
8801744334342
8801814748274
8801521716778
8801674164151
01728973926
8801718722130
8801716724166
8801857247292
8801740589544
8801631284977
8801720278180
8801841050706
8801912027572
8801730752730
01783282393
8801827660568
8801830747831
8801783902807
8801734984801
8801400072270
8801837973558
8801940931377
8801712666054
8801722778932
8801712464575
8801712540897
8801721465929
8801878866994
8801725937958
8801762926203
8801521395190
8801836128886
8801815426284
8801823132409
8801716371185
8801713145958
8801671006700
8801716352800
8801716616443
8801511980995
8801717647208
8801639641476
8801727656651
8801613400415
8801812286014
8801985149855
8801676255140
8801749120581
8801990461728
8801923895425
8801511666002
8801715418222
8801726449481
8801912010884
8801827721424
8801886436881
8801632622501
8801726503574
8801756424624
8801785460085
8801846463365
8801737965343
8801990670857
8801845061806
8801614535059
8801710722572
8801850425899
8801920298724
8801852538393
8801871101006
8801865996773
8801680880595
8801722612050
8801720672037
8801727548972
8801711955861
8801911196089
8801610578855
8801912554278
8801718087733
8801735101747
8801912420159
8801646075262
8801798880136
8801830066123
8801717468772
8801828517803
8801812349750
8801715616280
8801677059334
8801770552207
8801918524223
8801711090517
8801842710058
8801303596343
8801875229784
8801918872333
8801911860212
8801745055134
8801700630200
8801977843766
8801681488211
01877133036
8801957373137
8801885842307
8801814367954
8801787690397
8801917649778
8801795683637
8801743131313
8801772657371
8801816039197
8801866994600
8801682903645
01714953730
8801831995166
8801617727345
8801767021455
8801829712966
8801811834437
8801632758158
8801890782585
8801817085243
8801622518862
8801320822346
8801726503080
8801637834413
8801832649043
8801813652333
8801843207888
8801799222144
8801911823156
8801773602425
8801683211409
8801913996312
8801845221908
8801745710649
8801735741733
01734145561
8801741529383
8801944510887
8801712891470
8801728035381
8801325888237
01311109819
8801713915888
8801727344015
8801819215045
8801670659513
8801856346856
8801933626931
8801717697488
8801786190518
8801728286875
8801686986203
8801717128743
8801750217705
8801787946369
8801746532505
8801723579643
8801762512376
8801927559502
8801726244717
8801301036080
8801730741316
8801533381868
8801827493388
8801944654601
8801716245454
8801741613736
8801842717721
8801725130708
8801633914039
8801818558861
8801730350479
8801552555640
8801714204377
8801978025752
8801814515627
8801742111884
8801521372707
8801781220661
8801830318028
8801601921420
8801912802938
8801795976222
8801798937207
8801558423390
8801799639427
8801879819466
8801627822123
8801984307321
8801711231418
8801312587848
8801911096764
01725177778
8801644347602
8801710080933
8801765682692
8801719246899
8801748928858
8801315782569
8801717696760
8801531163528
8801723183389
8801917813254
8801776257473
8801673320571
8801732649867
"8801771358736
8801627769716"
8801837749327
8801734503391
8801782416367
8801786639888
8801894039644
8801817096789
8801728598643
8801715580268
8801577004840
8801915649332
8801841556698
8801707564770
8801717727854
8801718779039
8801838441881
8801893309265
8801857724843
8801643849454
8801511473924
8801722590277
8801770787571
8801822277776
8801820630166
8801866198065
8801713583444
8801758171002
8801673090850
8801626657306
8801820295748
8801720914140
8801739603630
8801853068579
8801719984885
8801815481322
"8801749296722
01996561737"
8801322363448
8801683767740
01724012180
8801921660955
8801715678730
8801712344655
8801911591655
8801712260390
8801516377892
8801884076173
8801754515669
8801868644590
8801917370877
8801842131981
8801911325522
8801719585462
8801754894180
8801992216629
8801752705091
8801303411485
8801636519906
8801795089641
8801714690054
8801883586204
8801958579029
8801857719298
8801688574734
8801813205076
8801826500041
8801818570093
8801313869693
8801760108345
8801756912748
01619790134
8801717665976
8801768721999
8801946606858
8801792216818
8801726224956
8801849289778
8801917195792
8801765530005
8801611255545
8801619376181
8801720005656
8801552475566
8801602676167
8801755801578
8801858690086
8801306762589
8801775618476
8801712128595
8801617722305
8801670130582
8801717692296
8801714744931
8801830756680
8801625610229
8801770071910
8801710600070
8801725112144
8801641389353
8801906347666
8801531554304
8801515201956
8801710923983
8801823849282
8801714237238
8801939094317
8801914452645
8801701003709
8801937991341
8801919365130
8801713696012
8801852025091
8801723033103
8801743294833
01850457651
8801325982502
8801751701876
8801911369356
8801757020386
8801620211154
8801914570888
8801533017430
8801683613935
8801677691109
8801935060662
8801712503204
8801816867568
8801814172316
8801626831351
8801816587863
8801825451264
8801533924808
8801829366663
8801796837775
8801739851779
8801621372004
01767181920
8801837563990
8801676476562
8801842173295
8801738608767
8801518683602
8801822907247
8801619054680
8801922290899
8801760299300
8801755367858
8801719233344
8801575273911
8801614344309
8801756957710
8801925681913
8801718686766
8801571771917
8801912109157
8801996400582
8801707585434
8801813581719
8801743853440
8801787770202
8801856237875
8801580383411
8801759258094
8801913670928
8801811620280
8801725552570
8801816266785
8801515262607
8801874699709
8801816446151
8801714384357
8801712319629
8801714338861
8801759901239
8801516151605
8801970610120
8801670731744
8801683020201
8801771111909
8801777447575
8801727651974
8801917909747
8801740283224
8801911016449
8801312266988
8801825185262
8801796580440
8801642300816
8801858127528
8801887520094
8801722250961
8801974223932
8801737251501
8801717518218
8801689502168
8801706660543
8801550034563
8801709362149
8801629924848
8801716762081
8801318471417
8801722696754
8801740988534
8801885928239
8801832136345
8801794375269
8801771498826
8801734371193
8801611884825
8801966035032
8801610964321
8801842828930
8801568240381
8801911586262
8801766622147
8801724168721
8801720207891
8801711507990
8801672490410
8801303541760
8801919414646
8801977666999
8801681748920
8801616788860
8801714162094
8801799665992
8801715756152
8801926618680
8801794139458
8801860810849
8801849923636
8801304418206
8801643983569
01763338810
8801892694632
8801715536618
8801624696695
8801601556634
8801675523607
8801716516587
8801715453046
8801886777821
8801732556166
8801919724294
8801626030483
8801813901389
8801714547847
8801842098096
8801813572207
8801741099048
8801721472634
8801718905252
8801912390726
8801752538618
8801974001234
8801812426531
8801313504363
8801747570627
8801408749768
8801741415033
8801575049366
8801777780427
8801712604441
8801927708202
8801624644048
8801601601600
8801819865622
8801670825244
8801774657404
8801713443130
8801724074835
8801624215765
8801318885753
8801866322912
8801743160831
8801857778823
8801817024209
8801717690591
8801515276629
8801713396372
8801926759303
8801762119616
8801745063664
8801729309301
8801770432726
8801911926139
8801758044462
8801767822726
8801711052271
8801912434208
8801724586214
8801552373281
8801944936166
8801712634022
8801821261266
8801680938126
8801718323978
8801824417732
8801723783586
8801732857503
8801849746522
8801686058808
8801747597595
8801785550051
8801712305948
8801747369753
8801736936255
8801718554532
8801551805876
8801817744800
8801814403964
8801521400303
8801723069468
8801917938833
8801715429744
8801721004558
8801715330868
8801877452008
8801647544944
8801820299492
8801552664145
8801732478581
8801670014931
8801756933973
8801797803334
8801861615588
8801611158670
8801730718173
8801776548238
8801763964555
8801408375035
8801789523504
8801719323622
8801739842567
8801758530754
8801711232301
8801813214707
8801777674167
8801714570430
8801616160404
8801714467091
8801922798807
8801713053238
8801813151270
447375722755
8801521105794
8801878369972
8801683902588
8801575308991
8801677416087
8801673027447
8801711785486
8801712330050
8801976052000
8801789789202
8801642774986
8801964872469
8801779090199
8801710139742
8801717236533
8801705227541
8801700713562
8801732466009
8801676799717
8801615736650
8801616162836
8801782212402
8801713440900
8801731012127
8801849240115
8801685424942
8801941505635
8801727315562
8801818062209
8801705239781
8801737854978
8801730356676
8801701006186
8801714545546
8801818117339
8801712539593
8801701549589
01793040086
8801716271473
8801842361577
8801612007666
3581616037509
8801737779460
8801685609146
8801749485454
8801798329060
8801912959143
8801717135595
8801964400616
8801712128106
8801772345116
8801710304137
8801759528532
8801553484225
8801965476797
8801814772883
8801743105916
8801973156288
8801672844287
8801714633653
8801711480202
8801911180901
8801714358229
8801740450539
8801673224700
8801789937686
8801918717000
8801677004186
8801842668021
8801921951796
8801850500022
8801758627877
8801303202440
8801761433504
8801611394210
8801950402737
8801517834725
8801711731070
97335349496
8801841666905
8801721531395
8801746233331
8801780691111
8801672077820
8801795249807
8801644866522
8801755578003
8801712217000
8801851397947
8801717057314
8801552495849
8801716477505
8801711413919
8801777605013
8801674548169
8801967489452
8801731201438
8801711903538
8801725072121
8801818366199
8801843798215
8801933436126
8801711081211
8801713529885
8801813562195
8801722508982
8801913450351
8801710252597
8801634859749
8801331455803
8801824441840
8801887266038
8801799222269
8801794062118
01837222152
"8801632086773
8801533811383"
8801616796959
8801715684411
8801736319229
8801832932958
8801708980092
8801819210774
8801748668421
8801724600450
8801611359580
8801758596728
8801769696066
8801682862036
8801815652323
8801786480220
8801552633195
8801881446065
8801608763553
8801712772220
8801962424768
8801783747556
8801676967628
8801739470865
8801779753370
8801797371694
8801682636565
01788773949
8801720949706
8801710088246
8801708523583
8801550017330
8801710383804
8801857158544
8801310177420
8801710823838
8801793544001
8801760557077
8801717468853
8801521378168
8801554705411
8801971170077
8801842777188
8801711382373
8801552600738
8801600690048
8801830451293
8801316985776
8801730442122
8801811937696
8801824099957
8801713140124
8801764702939
8801822775164
8801552566452
8801954081854
01719439263
8801729176005
8801719975246
8801537237387
8801711340989
8801761203758
8801734083093
8801705033183
8801711464029
8801624907046
8801712781733
8801882077873
8801304568309
8801552336923
8801712103336
8801711223412
8801861886255
8801860732171
8801710243378
8801673061136
8801762721864
8801825451028
8801703186302
8801712856436
8801940366219
8801789024312
8801818741574
8801313646336
8801632353307
8801724334678
8801303176422
8801708125060
8801855395317
8801749844776
8801716556699
8801746450428
8801817736598
8801916206600
8801781056445
8801718230680
8801757312887
8801720548811
8801797541797
01818278820
8801719002755
8801762853529
8801712498557
01772281753
8801620486657
8801671516400
8801935693373
8801815983348
8801405921752
8801886027732
8801302593409
8801626604405
8801738044085
8801780413715
8801986453709
8801777629329
8801537282562
8801850501013
8801714792488
8801751405737
8801911832891
8801613144404
8801533495997
8801675431648
8801952777444
8801763664252
8801818105716
8801820937569
8801572163080
8801716673479
8801766260053
8801767358068
8801725187657
8801794371635
8801753357939
01679444366
8801711481183
8801726046234
8801715631035
8801614305943
8801715086351
8801722041900
8801919406080
8801850136321
8801308465064
8801788282124
8801723492241
8801714133661
8801712887341
8801957772412
8801994172545
01781932370
01746738254
8801873189165
8801726080627
8801939176155
8801675674297
8801632473444
8801759966176
8801852639510
8801581789866
8801888814300
8801838258642
8801711352473
8801715854072
8801682336164
8801521253276
8801943968790
8801790138150
8801872104340
8801614270157
8801789894942
8801923404564
8801727682747
8801824098355
8801951197710
8801839008073
8801828923766
8801660198160
8801727937675
8801811131516
8801714848666
8801625312979
8801874639714
8801737755200

8801683163720
8801632238256
8801757414432
8801951149554
8801304089621
8801614817151
8801997410874
8801575593603
8801631450583
8801971831013
8801401988405
8801711872270
8801300939436
8801745632652
8801626737382
8801912858871
8801789718689
8801883152896
8801798410999
8801682799555
8801977109609
8801721555627
8801718018414
8801675605000
8801738243400
8801911666661
8801708499343
8801776793406
8801871283358
8801933399928
8801768510128
8801683395358
8801923524107
8801716153109
01737530411
8801922026200
8801863927942
8801673687274
8801733415056
8801718824118
8801814162533
8801794009988
8801786977558
8801406123467
8801841560056
8801711378050
8801726399819
8801891785053
8801838174192
8801967398557
8801711446650
8801568786914
8801700900002
8801673463587
8801732213007
8801682896952
"8801569183453
"
8801551817384
8801778109785
8801309371423
8801797524114
8801831655550
8801738341099
"8801911985494
8801631505939"
"8801580321782
8801747942770"
8801720002482
8801780043314
8801766190007
8801712550584
8801534944709
8801758746758
8801615006703
8801924632656
8801788766378
8801818322439
01300043876
8801749909711
8801780435688
8801798667136
8801673797998
8801776826814
8801938266008
8801731433661
8801812272799
8801671435743
8801719060732
8801634778266
8801785849644
8801940742313
8801745067640
8801789012989
8801787752887
8801911753669
8801834540354
8801913632560
8801740152648
8801904753390
8801925353838
8801304041098
8801308787281
8801617270270
8801739897252
8801627578755
8801600861416
8801874452869
8801409223274
8801815218683
"8801749040842
8801946495983"
8801732200340
8801855658704
8801612707031
8801766051501
8801918657990
"8801552664145
8801771180298"
8801819639762
8801768972388
8801818530156
01837596558
8801621822290
8801717402293
8801710895094
8801690071171
8801915029095
8801714673961
8801736831112
8801735866557
8801905428980
8801818600175
8801713204974
8801764232282
8801866490583
8801794734511
8801743291704
8801840015236
8801711432056
8801906046618
8801317424221
8801523905210
8801723151430
8801717622214
8801737211564
8801716815436
8801716327877
8801838025280
8801820226628
8801676466638
8801307737115
8801766316313
8801624218348
8801831574862
8801913311015
8801751979799
8801628131185
8801879978586
8801911133048
8801558950075
8801714822772
8801830154244
8801975629882
8801911405384
"8801745944853
8801612924715"
8801835378081
8801979900050
8801721241165
8801914849457
8801705735855
8801402849146
8801724291941
8801733410662
8801711461633
8801912929213
8801827296667
8801718203581
01825270660
8801879133752
8801723070309
8801911314913
8801746284340
8801741780324
8801610261085
8801710612105
8801989788360
8801774886718
8801911817721
8801717678309
8801303156140
8801777769954
8801825187732
8801843208030
8801568626537
8801671136123
8801939434201
8801919452872
8801874027205
8801726176527
8801917824480
8801786716472
8801917094794
8801747705814
8801790631701
8801711947766
8801750263450
8801718991571
8801515223562
8801714541665
8801710033673
8801885633656
8801319245316
8801677344690
8801944301745
8801873577588
8801744959442
"8801926872879
01714015527"
8801712555565
8801714412850
8801827718395
8801731244186
8801841992031
8801718094596
8801727776980
8801713806665
8801981428220
8801971150353
8801716903957
8801912149091
8801834587432
8801309020147
8801614986360
8801871399443
8801929363710
8801723361516
8801732466143
8801761701490
8801711479659
8801868862268
8801711043563
8801677435996
8801727280241
8801740928131
01609394450
8801974082471
8801888444419
01717507112
8801721724062
8801516774817
8801915905508
8801711456679
8801816531034
8801775881023
8801892776044
8801724599207
8801626155093
8801636238962
8801843615273
01750328800
8801790799752
8801794899700
8801941174579
8801518381687
8801706660444
8801726134400
8801729271922
01866532424
8801914293437
8801817828102
8801973333153
8801819035000
8801707657094
8801674989898
8801711228175
8801738290280
8801722911121
8801634858993
8801956636227
8801792851662
8801717934684
8801742443763
8801753289632
8801849936603
8801735593326
8801715138735
8801724528749
8801914471630
8801824289632
8801919939723
8801714493044
8801817318206
8801712338805
8801791983254
8801712790188
8801813814901
8801711529947
8801829734616
8801402783878
8801712149760
8801829981638
8801792975713
8801837218444
8801675017613
8801753953300
8801821153584
8801558956635
8801404513695
01758449078
8801958294708
01627133760
01743287633
8801908169097
8801915173272
8801996580058
8801739366606
8801721295519
8801714253269
8801675420809
8801892921663
8801819249395
8801317725192
8801728857993
8801650001515
8801799457787
8801841952468
8801750094262
8801752415927
8801721616956
8801611770009
8801787926245
8801739659414
8801817546817
8801760470512
8801810843499
8801713621947
8801712341116
8801875068566
8801711846393
8801722443328
8801734666658
8801761333218
8801864867097
8801927923336
8801767574350
8801818198373
8801956927627
8801844096960
8801715221463
8801712095935
8801911179335
8801877365872
8801797016720
8801916202123
8801715214291
8801934303594
8801771169885
8801818599228
8801916996286
8801965291896
8801913785386
8801951825332
8801836761279
8801836162682
8801711046147
8801713810357
8801716752997
8801798591277
8801728134117
8801511441177
8801911450131
8801878516636
8801684857601
8801818571052
8801968481739
8801687646617
8801794300754
8801952979976
8801949285121
8801718871728
8801719164292
8801732754126
8801973904379
8801602848428
8801733580319

8801774359309
8801757660911
8801849117202
8801847240439
"8801571435238
8801751311204"
8801646745027
8801818467567
8801822837276
8801566076181
8801968288940
00182950888
8801794277224
8801537180297
8801789115371
8801834540265
8801568218078
8801715080026
8801716866035
8801716458050
8801714477778
8801712950804
8801905199332
8801812544481
8801812576397
8801716105357
8801521430572
8801953943486
8801733619966
8801722756525
8801786027274
8801814763763
8801766515979
8801912729640
8801970253511
8801713266415
8801711436627
8801713597925
8801767516117
8801747118471
8801683939460
8801715173161
8801671665365
8801716105241
8801675200809
8801716960474
8801733005859
8801716245613
8801716618832
8801985833962
8801771642664
8801824537871
8801790405719
8801829988977
8801776612268
8801913265043
8801742174541
8801728135278
8801723285686
8801580530760
8801838766506
8801914454641
8801843770138
8801740879084
8801716016403
8801830161752
8801671508740
8801732854535
8801829671803
8801727786826
8801626742910
8801790228299
8801714487645
8801744462092
8801786865260
8801723738718
8801329247044
8801740661837
01675928171
8801710240667
8801742750089
8801568404363
8801711450701
8801977305577
8801840029616
"8801737507043
8801766688772"
8801701068772
8801767471155
8801722628475
8801518331925
8801979827724
8801817790577
8801729830303
8801768023828
8801309799388
8801792493799
8801770969217
8801711935064
8801712561575
8801708648966
8801782000556
8801671330373
8801753009252
8801717142477
8801926984244
8801915818407
8801631078481
8801671319429
8801994273912
8801832255058
8801738871719
8801772522324
8801963851333
8801737728173
8801874298961
8801847052145
8801926684720
8801750950078
8801730655150
8801711352637
8801712868691
8801822937570
8801796545795
8801911432299
8801818439914
8801766285099
8801840052236
8801826617177
01795130018
8801714638964
8801710568658
8801725484433
8801712391618
8801911646599
8801864666153
8801687955830
8801676524354
8801301020296
8801914863913
8801734064301
8801850787878
8801715191929
8801813835764
8801852426678
8801744881155
8801775414522
8801712681831
01678023708
8801857825100
8801714293825
"8801823389872
88"
8801713563156
8801625128224
"8801637832724
8801719661580"
8801911620708
8801672056082
8801914748278
8801716607321
8801740556206
8801819500947
8801671070647
8801819637245
8801924894787
8801871182871
8801330218234
8801726020140
01637698725
8801914344441
8801717511477
8801898917098
"8801628870886
8801828198658"
8801710800988
8801676173917
8801789481283
8801319612022
8801717696778
8801733148542
8801634846355
8801778776668
8801811186364
8801753753636
8801713930737
8801727291912
8801737484548
8801733268195
8801842852258
8801818337109
8801767828391
8801819078403
8801918717917
8801717135680
8801916152726
8801715858812
8801918009885
8801911505259
8801855293048
8801712541398
8801313045061
8801717674339
8801706211196
8801913376449
8801941153602
8801911919789
8801650289022
8801958680212
8801973916121
8801746658362
8801716381104
8801304732467
8801816776293
8801969432980
8801712481292
8801711992810
8801792252275
8801916297862
8801681359325
8801729500989
8801964000834
01732316658
8801716907678
8801818389403
8801674496400
8801916415732
8801616479774
8801723324977
8801916106353
8801629035737
8801307439311
8801609045591
8801313057885
8801711457320
8801708556862
8801601353131
8801816859983
01917544954
8801884018944
8801710984664
8801724082688
8801811635934
8801875351061
8801715411502
8801711187549
8801755424545
8801910516904
8801777140287
8801612175858
8801715179184
8801712795123
8801719434671
8801872562568
8801820551414
8801309176221
8801319171360
8801714293507
8801827583974
8801978077500
8801631892328
8801751086895
8801796478764
8801723658275
8801818563352
8801717011819
8801912501652
8801716807513
8801757768360
8801711929518
8801981279837
8801870829210
8801872392607
8801734500421
8801759445926
8801843716667
8801321085069
8801796061361
8801797354040
8801316751587
8801744656937
8801878923624
8801778214571
8801912145784
8801672414683
8801733014786
8801716292873
8801612429601
8801909781887
8801516159226
8801825844232
8801729610042
8801316245410
8801876893019
8801629291209
8801712203664
8801309039045
8801521102183
8801914651284
8801715253848
8801521255593
8801721339159
8801713238219
8801916099307
8801851844666
8801715791367
8801672844714
8801799667990
8801912211544
8801725974304
8801729592800
8801793930616
8801717871577
8801859754595
8801851626351
8801744495431
"8801926531772
8801716701016"
8801672117172
8801313681197
8801711120053
8801614390312
8801518702794
"8801715328422
8801716201418"
8801558986438
8801713423590
8801915702327
8801772492937
8801708873321
8801781938934
8801685107302
8801766100600
8801619161676
8801728916660
8801521437358
8801322707691
8801714044363
8801849634280
8801820505051
8801941052638
8801312180592
8801724169454
8801722600126
8801776279268
8801723192156
8801816463730
8801731075377
8801738301911
8801710482941
8801776375302
8801920961789
8801719888426
8801725621504
8801533968024
8801725695407
8801634244645
8801715651041
8801952737618
8801914258718
8801719419638
8801911918554
8801917037942
8801955677026
8801957333240
8801680191991
8801681235662
8801727694988
8801776531333
8801534228446
8801813715859
8801680122752
8801826681353
8801912572399
8801863394926
"8801911999964
8801752000020"
8801634245493
8801835558909
8801636441258
8801701079683
8801836112721
8801842804044
8801683780900
8801631303924
8801736292377
"8801814926794
8801828776040"
8801636701815
8801816024937
"8801937303889
01777522609"
8801400223669
8801919193330
8801799055248
8801903819017
8801816652062
8801842434343
8801820540422
8801817071659
8801758390331
8801777769922
8801895255416
601129385274
8801794110128
8801713906845
8801913534363
8801516174063
8801917836095
8801936730220
8801847228155
8801923648488
8801765993260
8801730790312
8801737941881
8801922028082
8801729744387
8801842001542
8801761981973
8801712507798
8801711102841
8801811249006
8801914119553
8801965231494
8801515675386
8801946728668
8801711185987
8801719227241
"8801917181754
8801313714727"
8801834657475
8801305055589
8801711703720
8801902674773
01716543091
8801737793440
8801715313398
8801871569966
8801750778920
8801890322738
8801717077013
8801306245039
8801922240716
8801700843949
8801715659074
8801682467806
8801749842910
8801718366770
8801954030369
8801811597600
8801916179344
8801611110330
8801671168602
8801750826276
8801727540768
8801521331003
8801723251835
8801772525959
8801912775028
8801844572017
8801783656120
8801916174344
8801783551167
8801717290709
8801760381855
8801737591859
8801712204052
8801782965690
8801712999065
8801309136258
"8801715895229
8801715843791"
8801911602602
8801726748877
8801789401201
8801813708238
8801673729738
8801676680068
8801921904115
8801688764647
8801815864267
8801713564804
"8801990828021
8801755895625"
8801911009595
8801917057272
8801684887100
8801317527323
"8801712329794
8801892550300"
8801888642002
8801842350430
8801717098078
8801760254680
8801676811281
8801710651484
8801977161522
8801836201917
8801772230736
8801680761483
8801629587424
8801819310146
8801782276767
8801969276408
"8801601167080
8801720107080"
8801715283848
8801840641238
8801829190575
8801721444400
8801846029021
8801728682436
"8801717370851
880170129139"
8801611777958
8801912017189
8801716234136
8801721278067
8801730472993
8801710577607
8801714928982
8801911021137
8801711931722
8801822242446
8801793524479
8801817080051
8801755883431
8801717821953
8801917766309
8801724232594
"8801823235666
8801711227465"
8801906068406
8801713484607
8801712049007
8801833293210
8801324728530
8801628157060
8801711015837
8801749040842
8801830857497
8801680237778
8801744888868
8801719039020
8801725351485
8801911115074
8801728953792
8801855555544
8801812893374
8801818292924
8801771946440
8801821461912
8801913834757
8801730038938
8801783499733
"8801746380618
8801999961578"
"8801822516322
8801999961578"
8801997100617
8801716503301
8801713229895
8801837130288
8801719098676
8801713333189
8801304095270
8801711302802
8801722325558
8801730357878
8801918231645
8801799799547
8801818449951

8801912993537
8801731666471
8801737026175
8801790051363
8801912152306
8801911107436
8801913563109
8801734754949
8801946515516
8801773201881
8801919140348
8801638645891
8801729496317
8801834847355
8801724023218
8801745721838
8801967676763
8801710798561
8801721128412
8801764115511
8801729960103
8801767030040
8801755312260
8801714958563
8801949509947
8801799911035
8801730727394
8801677660022
8801951155505
8801797440919
8801875662798
8801868801262
8801711042930
8801713508180
"8801552566452
8801322800911"
8801733077700
8801714811601
8801711302337
8801819834567
8801715605499
8801752457665
8801517839044
8801885846108
"8801724844408
8801816209750"
8801913415350
8801911274783
8801627668839
8801758068401
881613486589
881990779848
"8801727601268
8801729062894"
8801730786338
8801829701060
8801680113728
8801857770831
8801628474601
8801717809629
8801303016056
8801938384333
"8801723787917
8801911298007"
8801841000427
8801922454016
8801671660927
8801780942433
8801404637638
8801726269322
8801644471952
8801762141613
8801715469017
8801824848810
8801711166358
8801703789796
8801628568903
8801407696892
8801843710670
8801813510156
    
8801916575192
8801776548003
8801937169255
8801671113662
8801714722924
8801613486589
8801740588726
8801918229909
8801711042467
8801611527899
8801711878261
8801835048937
"8801839457112
8801863241863"
8801819663467
8801866720922
8801724238342
8801819648138
8801552316811
"8801727877270
8801322079308"
8801867277980
"8801741866935
8801677578047"
8801722213484
8801737948531
8801674314615
8801747602214
"8801710948702
8801713597925"
8801820928134
8801713090607
8801715028946
8801914470095
8801717841520
8801817120128
8801767861154
8801837278661
8801715622810
8801610377827
8801754737134
8801745089132
8801883155455
8801722906709
8801717587335
8801681523778
8801634360725
8801303951146
8801814899899
8801932013198
8801717364370
8801926086255
8801679356600
8801676755772
8801517829267
8801670092517
8801824592004
8801779116724
8801712003926
8801819891662
8801615871144
8801731367349
8801923075920
8801921202859
8801819643800
8801827855694
8801713742677
8801670310008
8801843225268
"8801711780611
8801825082425"
8801814422228
8801827311388
8801521427683
8801923240250
8801715269729
8801873001234
8801677808270
8801971958595
8801970464045
8801884774987
8801826541611
8801917600259
8801879468969
8801670753660
8801770076952

8801309002678
8801712667498
8801796586396
8801677729518
8801913796110
"8801635120398
8801571502229"
8801738214354
8801711265728

8801688125758
8801832320208
8801885132176
8801732925087
8801608417130
8801763768437
8801711103922
8801709651625
8801716834980
8801676162080
8801819006062
8801730797765
"8801616074908 
8801746475702"
8801718584035
8801721510907
8801674173665
8801912214762
8801791044258
8801674978273
8801571713778
8801712537425
8801682000531
8801968540891
"8801723291945
8801682597402"
8801789278935
8801821846746
8801729935061
8801567964117
8801670309237
8801745756965
8801521225774
8801323012428
8801911431551
8801707289035
8801840065050
8801915770743
8801911748223
8801779216298
8801935802196
8801312370400
8801717347404
8801926124525
8801711960977
8801314995469
8801715644690
8801712876891
8801722389133
8801760851080
8801710953411
8801729680852
8801738799281
8801911112431
8801738103337
8801842109038
8801833609397
8801708481680
8801678701392
8801575087738
8801813371162
8801929411975
8801711234907
8801926612294
8801738128031
8801889722780
8801716329178
8801819037307
8801677079523
8801823011920
8801719452621
8801671931785
8801677064849
8801920942466
8801831374369
8801825949052
8801715176307
8801733307598
8801722849628
8801554868065
8801820993795
01711016763
8801717588031
8801911634803
8801670963400
8801911634959
8801738484031
8801869888999
8801704293655
8801825367774
8801400052039
"8801872730343
8801767468239"
8801521536643
"8801830169998
8801537423604"
8801533677865
8801892373323
8801752545456
8801670144143
8801794616183
8801637516374
8801625073344
8801676363009
8801521506706
8801919748748
8801402227642
8801711081736
8801778253939
8801818603713
8801537171972
8801684518659
8801605765853
8801719376293
8801827300120
8801740217811
8801711016763
8801724949859
8801713356128
"8801719201917
8801515258387"
8801671108917
8801879077708
8801749998888
8801731121120
8801746026404
8801817177573
8801516162783
"8801742803882
8801983135545"
8801634598126
8801775319023
8801887841481
8801749227777
8801711174113
8801670351039
8801733662324
8801717286212
8801712839580
8801791940114
8801675418727
8801615000452
8801518496544
8801830618165
8801716828141
8801798102480
8801300976366
8801866441340
8801764287695
8801771526468
8801714440056
8801322912805
8801675354482
8801726634567
8801716184606
8801608271850
8801517860641
8801671048274
8801576663039
8801711908084
8801716948699
8801738321438
8801713477379
8801925057434
8801821800226
8801923837907
8801744330466
8801679841039
8801795127372
8801674474737
8801986599139
8801743837604
8801404007963
8801842278968
8801796656888
8801726427666
8801711986962
8801921131767
8801817594030
8801712697704
8801739256314
8801753357727
8801795951848
8801742199680
8801717881988
8801904175995
8801750417571
8801714974032
8801758757897
8801318206559
8801300916006
8801764223606
8801863424199
8801670540226
8801712603462
8801515298821
8801639528532
8801723599468
8801710953054
8801673436075
8801719808203
8801740312007
8801917799524
8801751963210
8801575104484
8801636764207
8801682901772
8801329740566
8801640718624
8801720679445
8801911173942
8801686610777
8801706152973
8801717592869
8801762509985
"8801839553690
8801870769055"
8801307277310
8801782076292
8801816288772
8801680009109
8801843881977
8801821217221
8801319731772
8801913331925
8801852570220
8801814772882
8801818178458
8801716516005
8801628407357
8801713069959
8801874391637
"8801711030365
8801930030365"
8801772719356
8801743929938
8801786430089
8801741733577
8801713491001
8801515204371
8801321166306
8801879997858
8801711049746
8801734969541
8801303560324
8801822004567
8801918006263
8801921355560
8801755279934
8801742118817
8801777096383
8801713509220
8801840125969
8801762384032
8801955508061
8801712972637
8801313847030
8801987111666
8801730322496
8801929917724
8801911022370
8801710907097
8801819163447
8801819456590
8801977462784
8801755643762
8801515657109
8801741365596
8801738058634
8801874247357
8801964669330
8801865060440
8801721034969
8801971988722
8801921237587
8801715305094
8801917890544
8801970116721
8801330805705
8801815070878
8801682353143
8801758161026
8801717065138
8801712635487
8801852465511
8801913577798
8801904478169
8801744178981
8801518368882
8801930674937
8801729271806
8801719005697
8801675358043
8801304358662
8801712965530
8801918434718
8801771643344
8801813281704
8801711101980
8801622228880
8801718513641
8801534818226
8801845550701
8801829626047
8801799267849
8801580873993
8801888011883
8801681221422
8801840149722
8801671677805
8801719488693
8801713108611
8801939123946
8801724842953
8801616818008
8801741495873
8801917864757
8801717665490
8801771459119
8801711413554
8801714892619
8801976640145
8801814922524
8801816906801
8801713827199
8801742996483
8801782388295
8801723868342
8801717354934
8801733701824
8801715331336
8801814074256
8801741736163
8801819631862
8801919849458
8801892097273


8801759290353
8801326771492
8801817612065
8801719291885
8801864490765
8801816622274
8801703970164
881636744706
8801724298621
8801778979762
8801676897422
8801725565066
8801711924580
8801787715005
8801916588607
8801834822464
8801611968626
8801716778994
8801724545743
8801879034413
8801922186955
8801722599358
8801714329608
8801825398525
8801684251594
8801744892964
8801789552601
8801327402790
8801911551362
8801738077319
8801963305691
8801818817158
8801711287044
8801815721908
8801711016317
8801849936414
8801674991833
8801815012348
8801715550006
8801706319819
8801759283191
8801971765432
8801910612804
8801996801886

8801634642040
8801922373185
8801710538747
8801689904208
8801714763380
8801633064727
8801759045551
8801676329995
8801819999658
8801917382430
8801912766058
8801861112244
8801913873008
8801737111273
8801313449173
8801738893050
8801616999202
8801924863399
8801919805555
8801713424298
8801723306303
8801798319688
8801511173201
8801776919217
8801725120707
8801757226802
8801331664906
8801824780686
8801612147094
8801670999861
8801754700991
8801707059909
8801788682343
8801713124395
8801721192082
8801775716706
8801123111199
8801735367553
8801937162827
8801918381761
8801854116173
8801775376177
8801601433000
8801863111358
8801730706723
01811286288
01781322058
8801819957947
8801771029974
8801533498589
8801789771193
8801719300849
8801675588491
8801714021223
8801992273937
8801518788203
8801939192190
8801746830692
8801676423203
8801715668966
8801964191771
8801750296559
8801846613082
8801844001162
8801744376871
8801552329042
8801619502374
8801763393831
8801629356030
8801711852741
8801711459066
8801797357820
8801737777942
8801518310346
8801716256768
8801626450918
8801515615245
8801758707260
8801677179584
"8801965980653
01723908883"
8801927089306
8801790026409



PHONE


8801580593406
8801850787878
8801715191929
8801712856436
8801813835764
8801852426678
8801744881155
8801775414522
   

8801912420159
8801792964493
8801712681831
01678023708
8801857825100
8801714293825
"8801823389872
88"

8801713563156
8801625128224
"8801637832724
8801719661580"
8801911620708
8801672056082
8801914748278
8801716607321
8801740556206
8801819500947
8801627767487
8801671070647

8801819637245
8801712855796
8801924894787
8801871182871
"8801735367553
8801975367553"
8801330218234
8801726020140
01637698725
8801914344441
8801717511477
8801898917098

"8801628870886
8801828198658"
8801710800988
8801676173917
8801912561279
8801789481283
8801319612022
8801717696778
8801733148542
8801634846355
8801778776668
8801811186364

8801753753636
8801713930737
8801727291912
8801737484548
8801733268195
8801842852258
8801818337109
8801767828391
8801988060707
8801819078403
8801918717917
8801835245807
8801821461154
8801717135680
8801916152726
8801715858812
8801918009885
8801911505259
8801855293048
8801712541398
8801313045061
8801717674339
8801706211196
8801913376449
8801552475566
8801955680107

8801750789802
8801941153602
8801911919789
8801650289022
8801958680212
8801973916121
8801716381104
8801304732467
8801816776293
8801969432980
8801712481292

8801711992810
8801792252275
8801916297862
8801681359325
8801729500989
8801964000834
01754894180
01732316658
8801716907678
8801818389403
8801674496400
8801916415732
8801616479774
8801723324977

8801916106353
8801629035737
8801307439311
8801714329608
8801609045591
8801313057885
8801711457320
8801708556862
8801601353131
8801816859983
01917544954
8801884018944
8801710984664
8801611394210
8801916892858

8801724082688
8801811635934
8801875351061
8801715411502
8801711187549
8801755424545

8801910516904
8801777140287
8801612175858
8801715179184
8801712795123
8801719434671
8801872562568
8801820551414

8801309176221
8801319171360
8801714293507
8801827583974
8801978077500
8801631892328
8801751086895
8801796478764
8801723658275
8801818563352
8801717011819
8801759106324
8801912501652
8801716807513
8801757768360
8801711929518
8801981279837
8801870829210
8801872392607
8801734500421

8801843716667
8801321085069
8801796061361
8801797354040
8801737069220
8801316751587
8801744656937
8801878923624
8801778214571
8801912145784
8801672414683
8801733014786
8801716292873
8801612429601
8801909781887

8801516159226
8801825844232
8801729610042
8801316245410
8801742996483
8801876893019
8801629291209
8801309039045
8801521102183
8801914651284
8801715253848
8801521255593
8801721339159
8801713238219

8801916099307
8801851844666
8801715791367
8801672844714
8801799667990
8801912211544

8801725974304
8801729592800
8801717871577
8801859754595

8801851626351
8801744495431
"8801926531772
8801716701016"
8801752993769
8801672117172
8801313681197
8801711120053
8801614390312
8801724357925
8801740211886
8801518702794
"8801715328422
8801716201418"
8801558986438
8801723033103
8801915702327
8801772492937
8801708873321
8801781938934
8801685107302
8801738103720
8801741529383
8801797803334
8801766100600
8801619161676
8801728916660
8801521437358
8801912153740
8801823132409
8801322707691
8801714044363
8801849634280
8801820505051
8801941052638
8801312180592

8801724169454
8801722600126
8801722842616
8801537574865
8801776279268
01774657404
8801816463730
8801731075377
8801738301911
8801710482941
8801776375302
8801920961789
8801719888426
8801531163528
8801725621504
8801793544001

8801533968024
8801634244645
8801715651041
8801952737618
8801914258718
8801719419638
8801911918554
8801917037942
8801955677026

8801957333240
8801680191991
8801712604441
8801681235662
8801617270270
8801727694988
8801776531333
8801534228446
8801813715859
8801680122752
8801826681353
8801912572399
8801863394926

"8801911999964
8801752000020"
8801634245493
8801835558909
8801636441258
8801712666054
8801701079683
8801836112721
8801842804044

8801683780900
8801736292377
"8801814926794
8801828776040"
8801761433504
8801580383411
8801636701815
8801816024937
"8801937303889
01777522609"
8801400223669
8801923215949
8801919193330

8801799055248
8801903819017
8801816652062
8801842434343
8801820540422
8801817071659
8801758390331

8801777769922
8801895255416
601129385274
8801794110128
8801713906845
8801913534363
8801516174063

8801917836095
8801936730220
8801847228155
8801923648488
8801765993260
8801730790312
8801737941881
8801922028082
8801729744387
8801842001542
8801761981973
8801712507798

8801711102841

8801914119553
8801965231494
8801515675386
8801946728668
8801711185987
8801719227241

"8801917181754
8801313714727"
8801834657475
8801305055589
8801711703720
8801902674773
01716543091
8801737793440
8801715313398
























































































































































































































































































































































































































































































































































































































































































































































































































































































































































































































































































































































































































































































































































































































